>> run('C:\usr\root\temp\Matlab\project_dtmf\src\goertzel_exp.m')

stdd =

  1.0e+004 *

    0.2424
    0.0010
    0.0002
    0.0001
    0.0012
    1.2669
    0.0005
    0.0004


ave =

  1.0e+004 *

    0.3492
    0.0017
    0.0002
    0.0003
    0.0014
    1.8287
    0.0006
    0.0003


threshold =

  1.0e+004 *

    0.3492
    0.0017
    0.0002
    0.0003
    0.0014
    1.8287
    0.0006
    0.0003


threshold =

  1.0e+004 *

    0.3492
    0.0500
    0.0500
    0.0500
    0.0500
    1.8287
    0.0500
    0.0500


X =

  1.0e+004 *

    0.0296    0.5797    0.5883    0.1993
    0.0000    0.0018    0.0028    0.0022
    0.0001    0.0000    0.0000    0.0006
    0.0001    0.0003    0.0004    0.0005
    0.0001    0.0009    0.0012    0.0033
    0.1658    3.0299    3.0855    1.0336
    0.0011    0.0000    0.0001    0.0012
    0.0009    0.0000    0.0000    0.0001


Y =

     0     1     1     0
     0     0     0     0
     0     0     0     0
     0     0     0     0
     0     0     0     0
     0     1     1     0
     0     0     0     0
     0     0     0     0


ref =

     []


ref =

     1
     0
     0
     0
     0
     1
     0
     0

Aha! Your number is: 2
>> run('C:\usr\root\temp\Matlab\project_dtmf\src\goertzel_exp.m')

stdd =

  1.0e+004 *

    0.2047
    0.0013
    0.0001
    0.0002
    0.0002
    0.0010
    1.2331
    0.0013


ave =

  1.0e+004 *

    0.3623
    0.0017
    0.0002
    0.0003
    0.0002
    0.0008
    2.1727
    0.0009


threshold =

  1.0e+004 *

    0.3623
    0.0017
    0.0002
    0.0003
    0.0002
    0.0008
    2.1727
    0.0009


threshold =

  1.0e+004 *

    0.3623
    0.0500
    0.0500
    0.0500
    0.0500
    0.0500
    2.1727
    0.0500


X =

  1.0e+004 *

    0.0282    0.5308    0.5283    0.3620
    0.0001    0.0031    0.0027    0.0007
    0.0002    0.0003    0.0002    0.0001
    0.0001    0.0005    0.0004    0.0000
    0.0000    0.0004    0.0004    0.0000
    0.0004    0.0001    0.0001    0.0024
    0.1817    3.2066    3.1951    2.1073
    0.0031    0.0000    0.0000    0.0004


Y =

     0     1     1     0
     0     0     0     0
     0     0     0     0
     0     0     0     0
     0     0     0     0
     0     0     0     0
     0     1     1     0
     0     0     0     0


ref =

     []


ref =

     1
     0
     0
     0
     0
     0
     1
     0

Aha! Your number is: 3
>> run('C:\usr\root\temp\Matlab\project_dtmf\src\goertzel_exp.m')

stdd =

  1.0e+004 *

    0.2047
    0.0013
    0.0001
    0.0002
    0.0002
    0.0010
    1.2331
    0.0013


ave =

  1.0e+004 *

    0.3623
    0.0017
    0.0002
    0.0003
    0.0002
    0.0008
    2.1727
    0.0009


threshold =

  1.0e+004 *

    0.3623
    0.0017
    0.0002
    0.0003
    0.0002
    0.0008
    2.1727
    0.0009


threshold =

  1.0e+004 *

    0.3623
    0.0500
    0.0500
    0.0500
    0.0500
    0.0500
    2.1727
    0.0500


X =

  1.0e+004 *

    0.0282    0.5308    0.5283    0.3620
    0.0001    0.0031    0.0027    0.0007
    0.0002    0.0003    0.0002    0.0001
    0.0001    0.0005    0.0004    0.0000
    0.0000    0.0004    0.0004    0.0000
    0.0004    0.0001    0.0001    0.0024
    0.1817    3.2066    3.1951    2.1073
    0.0031    0.0000    0.0000    0.0004


Y =

     0     1     1     0
     0     0     0     0
     0     0     0     0
     0     0     0     0
     0     0     0     0
     0     0     0     0
     0     1     1     0
     0     0     0     0


ref =

     []


ref =

     1
     0
     0
     0
     0
     0
     1
     0

Aha! Your number is: 3
>> run('C:\usr\root\temp\Matlab\project_dtmf\src\goertzel_exp.m')

stdd =

  1.0e+004 *

    0.2823
    0.0018
    0.0003
    0.0006
    0.0007
    0.0005
    1.6942
    0.0005


ave =

  1.0e+004 *

    0.5252
    0.0037
    0.0008
    0.0009
    0.0013
    0.0019
    3.1947
    0.0019


threshold =

  1.0e+004 *

    0.5252
    0.0037
    0.0008
    0.0009
    0.0013
    0.0019
    3.1947
    0.0019


threshold =

  1.0e+004 *

    0.5252
    0.0500
    0.0500
    0.0500
    0.0500
    0.0500
    3.1947
    0.0500


X =

  1.0e+004 *

    0.0368    0.6692    0.7092    0.6855
    0.0006    0.0049    0.0043    0.0049
    0.0009    0.0011    0.0003    0.0009
    0.0000    0.0013    0.0009    0.0015
    0.0000    0.0016    0.0018    0.0017
    0.0011    0.0021    0.0018    0.0024
    0.2606    4.2195    4.1472    4.1515
    0.0027    0.0017    0.0017    0.0016


Y =

     0     1     1     1
     0     0     0     0
     0     0     0     0
     0     0     0     0
     0     0     0     0
     0     0     0     0
     0     1     1     1
     0     0     0     0


ref =

     []

Aha! Your number is: 
>> run('C:\usr\root\temp\Matlab\project_dtmf\src\goertzel_exp.m')

stdd =

  1.0e+004 *

    0.2823
    0.0018
    0.0003
    0.0006
    0.0007
    0.0005
    1.6942
    0.0005


ave =

  1.0e+004 *

    0.5252
    0.0037
    0.0008
    0.0009
    0.0013
    0.0019
    3.1947
    0.0019


threshold =

  1.0e+004 *

    0.5252
    0.0037
    0.0008
    0.0009
    0.0013
    0.0019
    3.1947
    0.0019


threshold =

  1.0e+004 *

    0.5252
    0.0500
    0.0500
    0.0500
    0.0500
    0.0500
    3.1947
    0.0500


X =

  1.0e+004 *

    0.0368    0.6692    0.7092    0.6855
    0.0006    0.0049    0.0043    0.0049
    0.0009    0.0011    0.0003    0.0009
    0.0000    0.0013    0.0009    0.0015
    0.0000    0.0016    0.0018    0.0017
    0.0011    0.0021    0.0018    0.0024
    0.2606    4.2195    4.1472    4.1515
    0.0027    0.0017    0.0017    0.0016


Y =

     0     1     1     1
     0     0     0     0
     0     0     0     0
     0     0     0     0
     0     0     0     0
     0     0     0     0
     0     1     1     1
     0     0     0     0


ref =

     []

Aha! Your number is: 
>> run('C:\usr\root\temp\Matlab\project_dtmf\src\goertzel_exp.m')

stdd =

  1.0e+004 *

    0.3030
    0.0021
    0.0002
    0.0003
    0.0004
    0.0002
    2.1694
    0.0015


ave =

  1.0e+004 *

    0.3316
    0.0022
    0.0003
    0.0008
    0.0008
    0.0004
    2.3914
    0.0011


threshold =

  1.0e+004 *

    0.3316
    0.0022
    0.0003
    0.0008
    0.0008
    0.0004
    2.3914
    0.0011


threshold =

  1.0e+004 *

    0.3316
    0.0500
    0.0500
    0.0500
    0.0500
    0.0500
    2.3914
    0.0500


X =

  1.0e+004 *

    0.0314    0.6396    0.6295    0.0259
    0.0002    0.0044    0.0042    0.0002
    0.0006    0.0002    0.0002    0.0003
    0.0004    0.0010    0.0011    0.0006
    0.0001    0.0009    0.0010    0.0010
    0.0006    0.0001    0.0003    0.0005
    0.2373    4.4784    4.6417    0.2082
    0.0036    0.0000    0.0000    0.0007


Y =

     0     1     1     0
     0     0     0     0
     0     0     0     0
     0     0     0     0
     0     0     0     0
     0     0     0     0
     0     1     1     0
     0     0     0     0


ref =

     []


ref =

     1
     0
     0
     0
     0
     0
     1
     0

Aha! Your number is: 3
>> run('C:\usr\root\temp\Matlab\project_dtmf\src\goertzel_exp.m')

stdd =

  1.0e+004 *

    0.3030
    0.0021
    0.0002
    0.0003
    0.0004
    0.0002
    2.1694
    0.0015


ave =

  1.0e+004 *

    0.3316
    0.0022
    0.0003
    0.0008
    0.0008
    0.0004
    2.3914
    0.0011


threshold =

  1.0e+004 *

    0.3316
    0.0022
    0.0003
    0.0008
    0.0008
    0.0004
    2.3914
    0.0011


threshold =

  1.0e+004 *

    0.3316
    0.0500
    0.0500
    0.0500
    0.0500
    0.0500
    2.3914
    0.0500


X =

  1.0e+004 *

    0.0314    0.6396    0.6295    0.0259
    0.0002    0.0044    0.0042    0.0002
    0.0006    0.0002    0.0002    0.0003
    0.0004    0.0010    0.0011    0.0006
    0.0001    0.0009    0.0010    0.0010
    0.0006    0.0001    0.0003    0.0005
    0.2373    4.4784    4.6417    0.2082
    0.0036    0.0000    0.0000    0.0007


